4 3 3

3 4
-7.5884727609887594 -6.729610263063986 12.360562855780431 13.624726557191194
0.5604294486418318 2.1042169447099006 -3.4576181330522586 -1.5279355991527839
-0.8271161870932535 -0.8553634924157435 -0.7410260404453775 -0.7292079449714759

3 3
-2.3626978824807545 9.002081981255854 -0.6670444984190105
-6.914942510515281 -8.525809039289117 -0.6473910025767967
6.986790809581102 -6.263955632047978 0.05480829619931469

4 1
0
0
0
0

3 1
-15.839365182446711
0.676582867090676
0.9282789931192926

3 1
-4.350760045658531
3.8096338801011784
-3.8699310770145354